{
 "cells": [
  {
   "cell_type": "code",
   "execution_count": 119,
   "metadata": {},
   "outputs": [],
   "source": [
    "import pandas as pd\n",
    "import numpy as np\n",
    "br=pd.read_csv('C:/Users/Faisal/R5_Residency/R5_Project/Project_Data/Qualitative_Bankruptcy.data.txt',delimiter=',',names=('Industrial Risk','Management Risk','Financial Flexibility','Credibility','Competitiveness','Operating Risk','Class'))"
   ]
  },
  {
   "cell_type": "code",
   "execution_count": 120,
   "metadata": {},
   "outputs": [
    {
     "data": {
      "text/html": [
       "<div>\n",
       "<style scoped>\n",
       "    .dataframe tbody tr th:only-of-type {\n",
       "        vertical-align: middle;\n",
       "    }\n",
       "\n",
       "    .dataframe tbody tr th {\n",
       "        vertical-align: top;\n",
       "    }\n",
       "\n",
       "    .dataframe thead th {\n",
       "        text-align: right;\n",
       "    }\n",
       "</style>\n",
       "<table border=\"1\" class=\"dataframe\">\n",
       "  <thead>\n",
       "    <tr style=\"text-align: right;\">\n",
       "      <th></th>\n",
       "      <th>Industrial Risk</th>\n",
       "      <th>Management Risk</th>\n",
       "      <th>Financial Flexibility</th>\n",
       "      <th>Credibility</th>\n",
       "      <th>Competitiveness</th>\n",
       "      <th>Operating Risk</th>\n",
       "      <th>Class</th>\n",
       "    </tr>\n",
       "  </thead>\n",
       "  <tbody>\n",
       "    <tr>\n",
       "      <th>0</th>\n",
       "      <td>P</td>\n",
       "      <td>P</td>\n",
       "      <td>A</td>\n",
       "      <td>A</td>\n",
       "      <td>A</td>\n",
       "      <td>P</td>\n",
       "      <td>NB</td>\n",
       "    </tr>\n",
       "    <tr>\n",
       "      <th>1</th>\n",
       "      <td>N</td>\n",
       "      <td>N</td>\n",
       "      <td>A</td>\n",
       "      <td>A</td>\n",
       "      <td>A</td>\n",
       "      <td>N</td>\n",
       "      <td>NB</td>\n",
       "    </tr>\n",
       "    <tr>\n",
       "      <th>2</th>\n",
       "      <td>A</td>\n",
       "      <td>A</td>\n",
       "      <td>A</td>\n",
       "      <td>A</td>\n",
       "      <td>A</td>\n",
       "      <td>A</td>\n",
       "      <td>NB</td>\n",
       "    </tr>\n",
       "    <tr>\n",
       "      <th>3</th>\n",
       "      <td>P</td>\n",
       "      <td>P</td>\n",
       "      <td>P</td>\n",
       "      <td>P</td>\n",
       "      <td>P</td>\n",
       "      <td>P</td>\n",
       "      <td>NB</td>\n",
       "    </tr>\n",
       "    <tr>\n",
       "      <th>4</th>\n",
       "      <td>N</td>\n",
       "      <td>N</td>\n",
       "      <td>P</td>\n",
       "      <td>P</td>\n",
       "      <td>P</td>\n",
       "      <td>N</td>\n",
       "      <td>NB</td>\n",
       "    </tr>\n",
       "  </tbody>\n",
       "</table>\n",
       "</div>"
      ],
      "text/plain": [
       "  Industrial Risk Management Risk Financial Flexibility Credibility  \\\n",
       "0               P               P                     A           A   \n",
       "1               N               N                     A           A   \n",
       "2               A               A                     A           A   \n",
       "3               P               P                     P           P   \n",
       "4               N               N                     P           P   \n",
       "\n",
       "  Competitiveness Operating Risk Class  \n",
       "0               A              P    NB  \n",
       "1               A              N    NB  \n",
       "2               A              A    NB  \n",
       "3               P              P    NB  \n",
       "4               P              N    NB  "
      ]
     },
     "execution_count": 120,
     "metadata": {},
     "output_type": "execute_result"
    }
   ],
   "source": [
    "br.head()"
   ]
  },
  {
   "cell_type": "code",
   "execution_count": 121,
   "metadata": {},
   "outputs": [],
   "source": [
    "#P=Positive,A-Average,N-negative,B-Bankruptcy,NB-Non-Bankruptcy"
   ]
  },
  {
   "cell_type": "code",
   "execution_count": 122,
   "metadata": {},
   "outputs": [
    {
     "data": {
      "text/plain": [
       "Industrial Risk          object\n",
       "Management Risk          object\n",
       "Financial Flexibility    object\n",
       "Credibility              object\n",
       "Competitiveness          object\n",
       "Operating Risk           object\n",
       "Class                    object\n",
       "dtype: object"
      ]
     },
     "execution_count": 122,
     "metadata": {},
     "output_type": "execute_result"
    }
   ],
   "source": [
    "br.dtypes"
   ]
  },
  {
   "cell_type": "code",
   "execution_count": 123,
   "metadata": {},
   "outputs": [
    {
     "name": "stdout",
     "output_type": "stream",
     "text": [
      "NB    143\n",
      "B     107\n",
      "Name: Class, dtype: int64\n"
     ]
    },
    {
     "data": {
      "text/plain": [
       "(250, 7)"
      ]
     },
     "execution_count": 123,
     "metadata": {},
     "output_type": "execute_result"
    }
   ],
   "source": [
    "print(br[\"Class\"].value_counts())\n",
    "br.shape"
   ]
  },
  {
   "cell_type": "code",
   "execution_count": 124,
   "metadata": {},
   "outputs": [
    {
     "name": "stdout",
     "output_type": "stream",
     "text": [
      "The given input file is imported and it is observed that there are 6 features \n",
      "that decides the target variable Class - Bankruptcy and Non-Bankruptcy instances \n"
     ]
    }
   ],
   "source": [
    "#Question 1\n",
    "print('The given input file is imported and it is observed that there are 6 features \\nthat decides the target variable Class - Bankruptcy and Non-Bankruptcy instances ')"
   ]
  },
  {
   "cell_type": "code",
   "execution_count": 127,
   "metadata": {},
   "outputs": [
    {
     "data": {
      "text/html": [
       "<div>\n",
       "<style scoped>\n",
       "    .dataframe tbody tr th:only-of-type {\n",
       "        vertical-align: middle;\n",
       "    }\n",
       "\n",
       "    .dataframe tbody tr th {\n",
       "        vertical-align: top;\n",
       "    }\n",
       "\n",
       "    .dataframe thead th {\n",
       "        text-align: right;\n",
       "    }\n",
       "</style>\n",
       "<table border=\"1\" class=\"dataframe\">\n",
       "  <thead>\n",
       "    <tr style=\"text-align: right;\">\n",
       "      <th></th>\n",
       "      <th>Industrial Risk_A</th>\n",
       "      <th>Industrial Risk_N</th>\n",
       "      <th>Industrial Risk_P</th>\n",
       "      <th>Management Risk_A</th>\n",
       "      <th>Management Risk_N</th>\n",
       "      <th>Management Risk_P</th>\n",
       "      <th>Financial Flexibility_A</th>\n",
       "      <th>Financial Flexibility_N</th>\n",
       "      <th>Financial Flexibility_P</th>\n",
       "      <th>Credibility_A</th>\n",
       "      <th>Credibility_N</th>\n",
       "      <th>Credibility_P</th>\n",
       "      <th>Competitiveness_A</th>\n",
       "      <th>Competitiveness_N</th>\n",
       "      <th>Competitiveness_P</th>\n",
       "      <th>Operating Risk_A</th>\n",
       "      <th>Operating Risk_N</th>\n",
       "      <th>Operating Risk_P</th>\n",
       "    </tr>\n",
       "  </thead>\n",
       "  <tbody>\n",
       "    <tr>\n",
       "      <th>0</th>\n",
       "      <td>0</td>\n",
       "      <td>0</td>\n",
       "      <td>1</td>\n",
       "      <td>0</td>\n",
       "      <td>0</td>\n",
       "      <td>1</td>\n",
       "      <td>1</td>\n",
       "      <td>0</td>\n",
       "      <td>0</td>\n",
       "      <td>1</td>\n",
       "      <td>0</td>\n",
       "      <td>0</td>\n",
       "      <td>1</td>\n",
       "      <td>0</td>\n",
       "      <td>0</td>\n",
       "      <td>0</td>\n",
       "      <td>0</td>\n",
       "      <td>1</td>\n",
       "    </tr>\n",
       "    <tr>\n",
       "      <th>1</th>\n",
       "      <td>0</td>\n",
       "      <td>1</td>\n",
       "      <td>0</td>\n",
       "      <td>0</td>\n",
       "      <td>1</td>\n",
       "      <td>0</td>\n",
       "      <td>1</td>\n",
       "      <td>0</td>\n",
       "      <td>0</td>\n",
       "      <td>1</td>\n",
       "      <td>0</td>\n",
       "      <td>0</td>\n",
       "      <td>1</td>\n",
       "      <td>0</td>\n",
       "      <td>0</td>\n",
       "      <td>0</td>\n",
       "      <td>1</td>\n",
       "      <td>0</td>\n",
       "    </tr>\n",
       "    <tr>\n",
       "      <th>2</th>\n",
       "      <td>1</td>\n",
       "      <td>0</td>\n",
       "      <td>0</td>\n",
       "      <td>1</td>\n",
       "      <td>0</td>\n",
       "      <td>0</td>\n",
       "      <td>1</td>\n",
       "      <td>0</td>\n",
       "      <td>0</td>\n",
       "      <td>1</td>\n",
       "      <td>0</td>\n",
       "      <td>0</td>\n",
       "      <td>1</td>\n",
       "      <td>0</td>\n",
       "      <td>0</td>\n",
       "      <td>1</td>\n",
       "      <td>0</td>\n",
       "      <td>0</td>\n",
       "    </tr>\n",
       "    <tr>\n",
       "      <th>3</th>\n",
       "      <td>0</td>\n",
       "      <td>0</td>\n",
       "      <td>1</td>\n",
       "      <td>0</td>\n",
       "      <td>0</td>\n",
       "      <td>1</td>\n",
       "      <td>0</td>\n",
       "      <td>0</td>\n",
       "      <td>1</td>\n",
       "      <td>0</td>\n",
       "      <td>0</td>\n",
       "      <td>1</td>\n",
       "      <td>0</td>\n",
       "      <td>0</td>\n",
       "      <td>1</td>\n",
       "      <td>0</td>\n",
       "      <td>0</td>\n",
       "      <td>1</td>\n",
       "    </tr>\n",
       "    <tr>\n",
       "      <th>4</th>\n",
       "      <td>0</td>\n",
       "      <td>1</td>\n",
       "      <td>0</td>\n",
       "      <td>0</td>\n",
       "      <td>1</td>\n",
       "      <td>0</td>\n",
       "      <td>0</td>\n",
       "      <td>0</td>\n",
       "      <td>1</td>\n",
       "      <td>0</td>\n",
       "      <td>0</td>\n",
       "      <td>1</td>\n",
       "      <td>0</td>\n",
       "      <td>0</td>\n",
       "      <td>1</td>\n",
       "      <td>0</td>\n",
       "      <td>1</td>\n",
       "      <td>0</td>\n",
       "    </tr>\n",
       "  </tbody>\n",
       "</table>\n",
       "</div>"
      ],
      "text/plain": [
       "   Industrial Risk_A  Industrial Risk_N  Industrial Risk_P  Management Risk_A  \\\n",
       "0                  0                  0                  1                  0   \n",
       "1                  0                  1                  0                  0   \n",
       "2                  1                  0                  0                  1   \n",
       "3                  0                  0                  1                  0   \n",
       "4                  0                  1                  0                  0   \n",
       "\n",
       "   Management Risk_N  Management Risk_P  Financial Flexibility_A  \\\n",
       "0                  0                  1                        1   \n",
       "1                  1                  0                        1   \n",
       "2                  0                  0                        1   \n",
       "3                  0                  1                        0   \n",
       "4                  1                  0                        0   \n",
       "\n",
       "   Financial Flexibility_N  Financial Flexibility_P  Credibility_A  \\\n",
       "0                        0                        0              1   \n",
       "1                        0                        0              1   \n",
       "2                        0                        0              1   \n",
       "3                        0                        1              0   \n",
       "4                        0                        1              0   \n",
       "\n",
       "   Credibility_N  Credibility_P  Competitiveness_A  Competitiveness_N  \\\n",
       "0              0              0                  1                  0   \n",
       "1              0              0                  1                  0   \n",
       "2              0              0                  1                  0   \n",
       "3              0              1                  0                  0   \n",
       "4              0              1                  0                  0   \n",
       "\n",
       "   Competitiveness_P  Operating Risk_A  Operating Risk_N  Operating Risk_P  \n",
       "0                  0                 0                 0                 1  \n",
       "1                  0                 0                 1                 0  \n",
       "2                  0                 1                 0                 0  \n",
       "3                  1                 0                 0                 1  \n",
       "4                  1                 0                 1                 0  "
      ]
     },
     "execution_count": 127,
     "metadata": {},
     "output_type": "execute_result"
    }
   ],
   "source": [
    "#Question 2 : Encoding independent features\n",
    "\n",
    "from sklearn.preprocessing import OneHotEncoder \n",
    "\n",
    "x=br.drop('Class',axis=1)\n",
    "y=br.Class\n",
    "x = pd.get_dummies(x)\n",
    "x.head(5)"
   ]
  },
  {
   "cell_type": "code",
   "execution_count": 129,
   "metadata": {},
   "outputs": [
    {
     "name": "stdout",
     "output_type": "stream",
     "text": [
      "0    NB\n",
      "1    NB\n",
      "2    NB\n",
      "3    NB\n",
      "4    NB\n",
      "Name: Class, dtype: object\n",
      "   Industrial Risk_A  Industrial Risk_N  Industrial Risk_P  Management Risk_A  \\\n",
      "0                  0                  0                  1                  0   \n",
      "1                  0                  1                  0                  0   \n",
      "2                  1                  0                  0                  1   \n",
      "\n",
      "   Management Risk_N  Management Risk_P  Financial Flexibility_A  \\\n",
      "0                  0                  1                        1   \n",
      "1                  1                  0                        1   \n",
      "2                  0                  0                        1   \n",
      "\n",
      "   Financial Flexibility_N  Financial Flexibility_P  Credibility_A  \\\n",
      "0                        0                        0              1   \n",
      "1                        0                        0              1   \n",
      "2                        0                        0              1   \n",
      "\n",
      "   Credibility_N  Credibility_P  Competitiveness_A  Competitiveness_N  \\\n",
      "0              0              0                  1                  0   \n",
      "1              0              0                  1                  0   \n",
      "2              0              0                  1                  0   \n",
      "\n",
      "   Competitiveness_P  Operating Risk_A  Operating Risk_N  Operating Risk_P  \n",
      "0                  0                 0                 0                 1  \n",
      "1                  0                 0                 1                 0  \n",
      "2                  0                 1                 0                 0  \n"
     ]
    }
   ],
   "source": [
    "#Question 3 - Separation of independent and dependent variables\n",
    "print (y.head(5))\n",
    "print (x.head(3))"
   ]
  },
  {
   "cell_type": "code",
   "execution_count": 130,
   "metadata": {},
   "outputs": [],
   "source": [
    "from sklearn import preprocessing \n",
    "from sklearn.model_selection import train_test_split\n",
    "from sklearn.preprocessing import StandardScaler"
   ]
  },
  {
   "cell_type": "code",
   "execution_count": 131,
   "metadata": {},
   "outputs": [],
   "source": [
    "# Question 4 - Splitting the data in train-test\n",
    "x_train, x_test, y_train, y_test = train_test_split(x, y, test_size=0.20,random_state=1)"
   ]
  },
  {
   "cell_type": "code",
   "execution_count": 132,
   "metadata": {},
   "outputs": [],
   "source": [
    "# Question 5 Apply PCA on independent features of training data\n",
    "import seaborn as sns\n",
    "import matplotlib.pyplot as plt\n",
    "from sklearn.decomposition import PCA\n",
    "from scipy.stats import zscore"
   ]
  },
  {
   "cell_type": "code",
   "execution_count": 133,
   "metadata": {},
   "outputs": [
    {
     "name": "stdout",
     "output_type": "stream",
     "text": [
      "Covariance Matrix \n",
      "%s [[ 1.00502513e+00 -5.47050073e-01 -4.71826432e-01  2.46917670e-01\n",
      "  -2.84805650e-01  7.60713041e-02  2.30634221e-02  3.32528991e-02\n",
      "  -6.33642464e-02  1.39425166e-02 -1.28282955e-01  1.19815923e-01\n",
      "   6.94348141e-02 -1.20895091e-01  6.31641834e-02  2.08904000e-01\n",
      "  -1.70903675e-01 -9.59206447e-03]\n",
      " [-5.47050073e-01  1.00502513e+00 -4.87589823e-01 -3.16928754e-01\n",
      "   4.20624835e-01 -1.61628241e-01 -6.64461773e-02  1.50186828e-01\n",
      "  -1.04914868e-01  1.53925016e-02  8.64987905e-02 -1.05475350e-01\n",
      "  -9.67892455e-02  3.21259143e-01 -2.45828940e-01 -5.58892287e-02\n",
      "   2.04414732e-01 -1.65403174e-01]\n",
      " [-4.71826432e-01 -4.87589823e-01  1.00502513e+00  7.61967452e-02\n",
      "  -1.45846739e-01  9.08240949e-02  4.58960160e-02 -1.92738616e-01\n",
      "   1.76475752e-01 -3.07344662e-02  4.26763223e-02 -1.38770343e-02\n",
      "   2.94966415e-02 -2.12117603e-01  1.92902178e-01 -1.58931379e-01\n",
      "  -3.70072439e-02  1.84090822e-01]\n",
      " [ 2.46917670e-01 -3.16928754e-01  7.61967452e-02  1.00502513e+00\n",
      "  -5.93150125e-01 -3.48182499e-01  3.34256789e-02 -1.44689637e-01\n",
      "   1.33573938e-01 -1.81104791e-02  1.75351398e-02 -2.43670553e-04\n",
      "  -9.85065999e-02 -1.24279328e-01  2.15950544e-01  1.86579469e-01\n",
      "  -7.96819926e-02 -8.57903417e-02]\n",
      " [-2.84805650e-01  4.20624835e-01 -1.45846739e-01 -5.93150125e-01\n",
      "   1.00502513e+00 -5.55589130e-01 -1.57991527e-01  2.90301685e-01\n",
      "  -1.71392338e-01 -6.67429538e-02  2.41440298e-01 -1.85179067e-01\n",
      "  -8.99952466e-02  3.21301774e-01 -2.51912457e-01  6.40366976e-02\n",
      "   1.17735061e-01 -1.83009342e-01]\n",
      " [ 7.60713041e-02 -1.61628241e-01  9.08240949e-02 -3.48182499e-01\n",
      "  -5.55589130e-01  1.00502513e+00  1.49087350e-01 -1.87983221e-01\n",
      "   6.12810230e-02  9.62520502e-02 -2.98662001e-01  2.15435471e-01\n",
      "   2.06261210e-01 -2.45074940e-01  6.98143285e-02 -2.67010172e-01\n",
      "  -5.45597722e-02  3.01220121e-01]\n",
      " [ 2.30634221e-02 -6.64461773e-02  4.58960160e-02  3.34256789e-02\n",
      "  -1.57991527e-01  1.49087350e-01  1.00502513e+00 -6.04864001e-01\n",
      "  -3.60948772e-01  1.92038244e-01 -3.60282913e-01  1.84288265e-01\n",
      "   3.23090212e-01 -4.51090978e-01  1.78779935e-01 -7.57162654e-02\n",
      "  -4.98143836e-02  1.21767787e-01]\n",
      " [ 3.32528991e-02  1.50186828e-01 -1.92738616e-01 -1.44689637e-01\n",
      "   2.90301685e-01 -1.87983221e-01 -6.04864001e-01  1.00502513e+00\n",
      "  -5.31847030e-01 -2.86055322e-01  6.18716057e-01 -3.60022074e-01\n",
      "  -3.58331222e-01  7.96730263e-01 -5.04507074e-01  8.10972421e-02\n",
      "   6.31613780e-02 -1.40801666e-01]\n",
      " [-6.33642464e-02 -1.04914868e-01  1.76475752e-01  1.33573938e-01\n",
      "  -1.71392338e-01  6.12810230e-02 -3.60948772e-01 -5.31847030e-01\n",
      "   1.00502513e+00  1.30256401e-01 -3.40256868e-01  2.24929755e-01\n",
      "   7.54811941e-02 -4.51807730e-01  3.99630679e-01 -1.43260160e-02\n",
      "  -2.08856659e-02  3.51697252e-02]\n",
      " [ 1.39425166e-02  1.53925016e-02 -3.07344662e-02 -1.81104791e-02\n",
      "  -6.67429538e-02  9.62520502e-02  1.92038244e-01 -2.86055322e-01\n",
      "   1.30256401e-01  1.00502513e+00 -5.21805733e-01 -4.56818004e-01\n",
      "   1.64773685e-01 -2.14561793e-01  7.51734999e-02  3.05288440e-03\n",
      "  -4.31756520e-02  4.29160451e-02]\n",
      " [-1.28282955e-01  8.64987905e-02  4.26763223e-02  1.75351398e-02\n",
      "   2.41440298e-01 -2.98662001e-01 -3.60282913e-01  6.18716057e-01\n",
      "  -3.40256868e-01 -5.21805733e-01  1.00502513e+00 -5.27913217e-01\n",
      "  -3.33551688e-01  7.13622613e-01 -4.40682301e-01 -2.43040620e-02\n",
      "   2.38162749e-01 -2.29924801e-01]\n",
      " [ 1.19815923e-01 -1.05475350e-01 -1.38770343e-02 -2.43670553e-04\n",
      "  -1.85179067e-01  2.15435471e-01  1.84288265e-01 -3.60022074e-01\n",
      "   2.24929755e-01 -4.56818004e-01 -5.27913217e-01  1.00502513e+00\n",
      "   1.83574566e-01 -5.30116826e-01  3.84437162e-01  2.22903361e-02\n",
      "  -2.05227856e-01  1.96900664e-01]\n",
      " [ 6.94348141e-02 -9.67892455e-02  2.94966415e-02 -9.85065999e-02\n",
      "  -8.99952466e-02  2.06261210e-01  3.23090212e-01 -3.58331222e-01\n",
      "   7.54811941e-02  1.64773685e-01 -3.33551688e-01  1.83574566e-01\n",
      "   1.00502513e+00 -4.69165694e-01 -4.08749728e-01 -3.55205619e-02\n",
      "  -1.77982837e-01  2.20777161e-01]\n",
      " [-1.20895091e-01  3.21259143e-01 -2.12117603e-01 -1.24279328e-01\n",
      "   3.21301774e-01 -2.45074940e-01 -4.51090978e-01  7.96730263e-01\n",
      "  -4.51807730e-01 -2.14561793e-01  7.13622613e-01 -5.30116826e-01\n",
      "  -4.69165694e-01  1.00502513e+00 -6.21155562e-01 -4.58494103e-02\n",
      "   2.44703700e-01 -2.17202230e-01]\n",
      " [ 6.31641834e-02 -2.45828940e-01  1.92902178e-01  2.15950544e-01\n",
      "  -2.51912457e-01  6.98143285e-02  1.78779935e-01 -5.04507074e-01\n",
      "   3.99630679e-01  7.51734999e-02 -4.40682301e-01  3.84437162e-01\n",
      "  -4.08749728e-01 -6.21155562e-01  1.00502513e+00  7.89393933e-02\n",
      "  -9.45686919e-02  2.81172388e-02]\n",
      " [ 2.08904000e-01 -5.58892287e-02 -1.58931379e-01  1.86579469e-01\n",
      "   6.40366976e-02 -2.67010172e-01 -7.57162654e-02  8.10972421e-02\n",
      "  -1.43260160e-02  3.05288440e-03 -2.43040620e-02  2.22903361e-02\n",
      "  -3.55205619e-02 -4.58494103e-02  7.89393933e-02  1.00502513e+00\n",
      "  -4.95559891e-01 -3.91891224e-01]\n",
      " [-1.70903675e-01  2.04414732e-01 -3.70072439e-02 -7.96819926e-02\n",
      "   1.17735061e-01 -5.45597722e-02 -4.98143836e-02  6.31613780e-02\n",
      "  -2.08856659e-02 -4.31756520e-02  2.38162749e-01 -2.05227856e-01\n",
      "  -1.77982837e-01  2.44703700e-01 -9.45686919e-02 -4.95559891e-01\n",
      "   1.00502513e+00 -6.11909390e-01]\n",
      " [-9.59206447e-03 -1.65403174e-01  1.84090822e-01 -8.57903417e-02\n",
      "  -1.83009342e-01  3.01220121e-01  1.21767787e-01 -1.40801666e-01\n",
      "   3.51697252e-02  4.29160451e-02 -2.29924801e-01  1.96900664e-01\n",
      "   2.20777161e-01 -2.17202230e-01  2.81172388e-02 -3.91891224e-01\n",
      "  -6.11909390e-01  1.00502513e+00]]\n"
     ]
    }
   ],
   "source": [
    "x_std = StandardScaler().fit_transform(x_train)\n",
    "cov_matrix = np.cov(x_std.T)\n",
    "print('Covariance Matrix \\n%s', cov_matrix)"
   ]
  },
  {
   "cell_type": "code",
   "execution_count": 134,
   "metadata": {},
   "outputs": [
    {
     "name": "stderr",
     "output_type": "stream",
     "text": [
      "C:\\Users\\Faisal\\Anaconda3\\lib\\site-packages\\ipykernel_launcher.py:3: UserWarning: Tight layout not applied. tight_layout cannot make axes height small enough to accommodate all axes decorations\n",
      "  This is separate from the ipykernel package so we can avoid doing imports until\n"
     ]
    },
    {
     "data": {
